Image slice depth [cm],"Volumetric gas content (CT, direct) [%]","Volumetric excess ice content (CT, direct) [%]","Volumetric phase A content (CT, direct) [%]","Volumetric phase B content (CT, direct) [%]"
depth,gas_CT_hr,excessice_CT_hr,phaseA_CT_hr,phaseB_CT_hr
20.3,0.727,57.455,25.145,16.673
20.305,0.73,57.373,25.123,16.774
20.31,0.722,57.32,25.086,16.873
20.315,0.716,57.219,25.158,16.907
20.32,0.726,57.088,25.223,16.963
20.325,0.726,56.939,25.269,17.066
20.33,0.743,56.776,25.318,17.162
20.335,0.762,56.618,25.383,17.237
20.34,0.78,56.444,25.443,17.334
20.345,0.805,56.159,25.612,17.424
20.35,0.815,55.86,25.852,17.473
20.355,0.825,55.689,25.955,17.531
20.36,0.835,55.504,25.995,17.665
20.365,0.836,55.294,26.047,17.822
20.37,0.826,55.074,26.097,18.002
20.375,0.822,54.95,26.053,18.174
20.38,0.804,54.925,25.899,18.372
20.385,0.798,54.918,25.776,18.509
20.39,0.803,54.945,25.637,18.615
20.395,0.811,54.957,25.496,18.735
20.4,0.829,54.975,25.353,18.843
20.405,0.842,54.942,25.297,18.919
20.41,0.853,54.9,25.271,18.976
20.415,0.857,54.872,25.282,18.988
20.42,0.878,54.84,25.28,19.001
20.425,0.882,54.803,25.356,18.959
20.43,0.882,54.839,25.292,18.987
20.435,0.886,54.819,25.331,18.965
20.44,0.9,54.802,25.35,18.948
20.445,0.896,54.896,25.338,18.87
20.45,0.892,54.89,25.405,18.813
20.455,0.893,54.896,25.472,18.739
20.46,0.89,54.881,25.479,18.75
20.465,0.907,54.899,25.387,18.807
20.47,0.924,54.825,25.371,18.88
20.475,0.926,54.784,25.275,19.015
20.48,0.938,54.711,25.235,19.116
20.485,0.947,54.656,25.212,19.185
20.49,0.978,54.677,25.078,19.267
20.495,1,54.661,25.013,19.327
20.5,1.019,54.631,25.031,19.32
20.505,1.03,54.574,25.051,19.346
20.51,1.052,54.459,25.133,19.355
20.515,1.078,54.364,25.159,19.4
20.52,1.095,54.26,25.239,19.405
20.525,1.117,54.172,25.296,19.414
20.53,1.122,54.111,25.401,19.366
20.535,1.118,54.09,25.45,19.342
20.54,1.104,54.156,25.474,19.265
20.545,1.076,54.254,25.446,19.224
20.55,1.065,54.392,25.392,19.151
20.555,1.061,54.538,25.345,19.057
20.56,1.057,54.678,25.349,18.916
20.565,1.068,54.846,25.201,18.885
20.57,1.075,54.9,25.169,18.856
20.575,1.086,54.936,25.203,18.774
20.58,1.086,55.009,25.22,18.685
20.585,1.089,55.055,25.194,18.661
20.59,1.07,55.118,25.141,18.671
20.595,1.061,55.112,25.1,18.727
20.6,1.045,55.089,25.111,18.754
20.605,1.056,54.922,25.296,18.727
20.61,1.074,54.737,25.472,18.717
20.615,1.078,54.633,25.548,18.741
20.62,1.075,54.746,25.416,18.762
20.625,1.073,54.817,25.295,18.816
20.63,1.082,54.923,25.127,18.868
20.635,1.085,55.072,24.902,18.941
20.64,1.077,55.179,24.764,18.98
20.645,1.068,55.238,24.697,18.997
20.65,1.064,55.274,24.668,18.994
20.655,1.054,55.382,24.544,19.02
20.66,1.043,55.383,24.484,19.09
20.665,1.051,55.42,24.376,19.153
20.67,1.06,55.455,24.327,19.158
20.675,1.085,55.515,24.178,19.222
20.68,1.097,55.594,24.028,19.281
20.685,1.112,55.69,23.892,19.306
20.69,1.131,55.764,23.768,19.337
20.695,1.15,55.809,23.682,19.359
20.7,1.153,55.869,23.512,19.466
20.705,1.165,55.858,23.324,19.653
20.71,1.171,55.76,23.205,19.864
20.715,1.167,55.572,23.128,20.133
20.72,1.158,55.406,23.03,20.406
20.725,1.151,55.266,22.853,20.73
20.73,1.149,55.108,22.727,21.017
20.735,1.142,54.953,22.547,21.357
20.74,1.131,54.753,22.48,21.637
20.745,1.119,54.65,22.384,21.847
20.75,1.097,54.437,22.38,22.086
20.755,1.075,54.242,22.361,22.322
20.76,1.05,54.053,22.364,22.533
20.765,1.027,53.865,22.297,22.811
20.77,0.995,53.712,22.15,23.143
20.775,0.959,53.63,21.968,23.443
20.78,0.927,53.484,21.868,23.721
20.785,0.918,53.346,21.72,24.016
20.79,0.906,53.324,21.447,24.323
20.795,0.887,53.29,21.17,24.653
20.8,0.876,53.191,21.051,24.882
20.805,0.87,53.003,21.015,25.113
20.81,0.846,52.813,20.982,25.36
20.815,0.825,52.582,20.99,25.603
20.82,0.801,52.296,21.027,25.877
20.825,0.779,52.063,21.018,26.139
20.83,0.766,51.797,21.007,26.43
20.835,0.75,51.588,20.907,26.755
20.84,0.725,51.434,20.732,27.109
20.845,0.718,51.288,20.56,27.434
20.85,0.707,51.097,20.485,27.712
20.855,0.695,50.952,20.379,27.975
20.86,0.706,50.749,20.4,28.144
20.865,0.725,50.523,20.398,28.353
20.87,0.743,50.338,20.378,28.542
20.875,0.756,50.093,20.392,28.759
20.88,0.772,49.81,20.458,28.96
20.885,0.789,49.439,20.576,29.197
20.89,0.814,49.024,20.731,29.431
20.895,0.831,48.581,20.927,29.661
20.9,0.835,48.239,20.989,29.937
20.905,0.834,47.905,21.081,30.18
20.91,0.83,47.64,21.208,30.321
20.915,0.835,47.396,21.259,30.51
20.92,0.849,47.218,21.135,30.798
20.925,0.861,47.072,21.009,31.058
20.93,0.858,46.901,20.934,31.307
20.935,0.855,46.81,20.842,31.494
20.94,0.86,46.648,20.843,31.65
20.945,0.856,46.628,20.792,31.724
20.95,0.86,46.633,20.63,31.877
20.955,0.865,46.7,20.458,31.977
20.96,0.871,46.779,20.26,32.09
20.965,0.862,46.827,20.13,32.181
20.97,0.853,46.839,20.028,32.28
20.975,0.857,46.828,19.912,32.403
20.98,0.859,46.836,19.698,32.607
20.985,0.856,46.77,19.687,32.687
20.99,0.856,46.696,19.679,32.77
20.995,0.851,46.677,19.635,32.837
21,0.851,46.664,19.691,32.794
21.005,0.839,46.75,19.556,32.854
21.01,0.829,46.853,19.336,32.981
21.015,0.819,46.849,19.181,33.151
21.02,0.804,46.717,19.266,33.213
21.025,0.8,46.58,19.318,33.303
21.03,0.795,46.573,19.252,33.38
21.035,0.788,46.617,19.174,33.421
21.04,0.787,46.641,19.124,33.448
21.045,0.793,46.62,19.259,33.328
21.05,0.798,46.598,19.398,33.206
21.055,0.793,46.7,19.416,33.091
21.06,0.776,46.962,19.262,32.999
21.065,0.753,47.135,19.129,32.983
21.07,0.727,47.224,19.153,32.895
21.075,0.703,47.255,19.211,32.831
21.08,0.671,47.308,19.23,32.792
21.085,0.645,47.277,19.362,32.716
21.09,0.62,47.335,19.374,32.67
21.095,0.609,47.383,19.341,32.668
21.1,0.604,47.418,19.293,32.685
21.105,0.606,47.424,19.268,32.702
21.11,0.617,47.444,19.264,32.675
21.115,0.62,47.463,19.282,32.635
21.12,0.629,47.503,19.352,32.516
21.125,0.631,47.674,19.441,32.254
21.13,0.632,47.933,19.489,31.946
21.135,0.622,48.26,19.545,31.572
21.14,0.63,48.608,19.654,31.108
21.145,0.628,48.99,19.665,30.718
21.15,0.632,49.3,19.64,30.428
21.155,0.642,49.631,19.483,30.244
21.16,0.655,49.799,19.472,30.074
21.165,0.67,50.001,19.388,29.941
21.17,0.67,50.245,19.251,29.834
21.175,0.655,50.544,19.135,29.666
21.18,0.653,50.728,19.083,29.536
21.185,0.652,50.878,19.066,29.403
21.19,0.649,51.014,19.098,29.239
21.195,0.645,51.035,19.197,29.123
21.2,0.637,51.158,19.154,29.051
21.205,0.638,51.29,19.057,29.015
21.21,0.633,51.374,18.957,29.035
21.215,0.645,51.334,18.928,29.093
21.22,0.651,51.294,18.931,29.123
21.225,0.654,51.253,18.929,29.163
21.23,0.662,51.131,18.909,29.298
21.235,0.666,51.03,18.864,29.44
21.24,0.659,50.952,18.934,29.456
21.245,0.652,50.856,19.019,29.473
21.25,0.647,50.822,19.187,29.344
21.255,0.647,50.917,19.3,29.136
21.26,0.645,51.177,19.307,28.871
21.265,0.645,51.447,19.362,28.546
21.27,0.636,51.768,19.47,28.126
21.275,0.625,52.092,19.692,27.592
21.28,0.619,52.467,19.846,27.067
21.285,0.606,52.873,19.91,26.611
21.29,0.603,53.224,20.011,26.162
21.295,0.601,53.581,20.05,25.768
21.3,0.61,53.938,19.978,25.475
21.305,0.629,54.267,19.955,25.149
21.31,0.641,54.566,19.935,24.858
21.315,0.648,54.782,20.055,24.515
21.32,0.648,54.979,20.156,24.218
21.325,0.657,54.959,20.439,23.945
21.33,0.658,55.026,20.547,23.77
21.335,0.664,55.14,20.654,23.542
21.34,0.67,55.299,20.628,23.403
21.345,0.671,55.351,20.652,23.325
21.35,0.672,55.411,20.563,23.353
21.355,0.668,55.439,20.504,23.389
21.36,0.672,55.489,20.46,23.378
21.365,0.67,55.518,20.445,23.367
21.37,0.672,55.428,20.528,23.372
21.375,0.67,55.41,20.599,23.321
21.38,0.666,55.379,20.6,23.355
21.385,0.661,55.378,20.551,23.41
21.39,0.654,55.409,20.494,23.443
21.395,0.628,55.432,20.433,23.507
21.4,0.608,55.454,20.249,23.688
21.405,0.595,55.426,20.051,23.928
21.41,0.592,55.316,20.031,24.062
21.415,0.597,55.184,19.986,24.233
21.42,0.597,55.058,19.927,24.418
21.425,0.598,55.016,19.758,24.628
21.43,0.589,55.062,19.487,24.862
21.435,0.582,55.089,19.336,24.992
21.44,0.578,55.038,19.33,25.054
21.445,0.569,55.042,19.272,25.117
21.45,0.557,55.111,19.2,25.132
21.455,0.549,55.206,19.093,25.152
21.46,0.538,55.309,18.988,25.165
21.465,0.531,55.326,18.925,25.219
21.47,0.517,55.39,18.849,25.244
21.475,0.502,55.465,18.802,25.231
21.48,0.491,55.546,18.739,25.224
21.485,0.48,55.648,18.699,25.173
21.49,0.461,55.768,18.664,25.107
21.495,0.433,55.88,18.616,25.07
21.5,0.403,55.959,18.588,25.049
21.505,0.378,56.151,18.437,25.034
21.51,0.362,56.278,18.263,25.097
21.515,0.361,56.336,18.149,25.154
21.52,0.353,56.342,18.111,25.193
21.525,0.349,56.284,18.14,25.227
21.53,0.339,56.337,18.079,25.245
21.535,0.335,56.369,18.095,25.202
21.54,0.324,56.405,18.139,25.132
21.545,0.324,56.335,18.203,25.138
21.55,0.327,56.22,18.303,25.15
21.555,0.327,56.233,18.184,25.256
21.56,0.324,56.315,18.001,25.36
21.565,0.32,56.31,17.985,25.385
21.57,0.308,56.308,18.008,25.376
21.575,0.292,56.311,18.11,25.287
21.58,0.279,56.377,18.079,25.264
21.585,0.285,56.438,18.086,25.191
21.59,0.28,56.514,18.095,25.11
21.595,0.278,56.507,18.186,25.03
21.6,0.275,56.533,18.272,24.92
21.605,0.274,56.629,18.287,24.811
21.61,0.275,56.713,18.253,24.759
21.615,0.276,56.767,18.292,24.665
21.62,0.284,56.725,18.391,24.6
21.625,0.285,56.665,18.477,24.574
21.63,0.29,56.669,18.439,24.603
21.635,0.295,56.604,18.459,24.643
21.64,0.295,56.433,18.604,24.668
21.645,0.296,56.354,18.609,24.741
21.65,0.299,56.196,18.644,24.86
21.655,0.303,56.039,18.755,24.904
21.66,0.299,55.972,18.751,24.978
21.665,0.297,55.914,18.766,25.024
21.67,0.297,55.845,18.86,24.998
21.675,0.295,55.823,18.967,24.915
21.68,0.299,55.761,19.047,24.893
21.685,0.297,55.641,19.13,24.932
21.69,0.289,55.525,19.247,24.939
21.695,0.288,55.375,19.315,25.022
21.7,0.29,55.274,19.308,25.127
21.705,0.294,55.23,19.234,25.243
21.71,0.295,55.175,19.265,25.264
21.715,0.302,55.13,19.207,25.361
21.72,0.303,55.018,19.262,25.417
21.725,0.303,54.881,19.391,25.425
21.73,0.302,54.734,19.545,25.419
21.735,0.311,54.531,19.707,25.451
21.74,0.32,54.326,19.77,25.584
21.745,0.322,54.167,19.767,25.744
21.75,0.312,54.049,19.787,25.852
21.755,0.313,53.906,19.809,25.972
21.76,0.313,53.78,19.816,26.091
21.765,0.315,53.538,19.946,26.201
21.77,0.325,53.255,20.063,26.357
21.775,0.325,53.013,20.158,26.505
21.78,0.319,52.914,20.083,26.684
21.785,0.306,52.726,20.098,26.87
21.79,0.293,52.485,20.04,27.182
21.795,0.288,52.221,20.018,27.474
21.8,0.288,51.86,20.107,27.746
21.805,0.274,51.648,20.012,28.065
21.81,0.262,51.382,20.027,28.33
21.815,0.253,51.151,20.052,28.543
21.82,0.242,50.978,19.987,28.792
21.825,0.224,50.802,19.898,29.075
21.83,0.212,50.625,19.938,29.225
21.835,0.209,50.591,19.847,29.352
21.84,0.2,50.544,19.739,29.517
21.845,0.194,50.461,19.739,29.607
21.85,0.191,50.354,19.857,29.598
21.855,0.19,50.2,19.962,29.648
21.86,0.182,49.965,20.062,29.791
21.865,0.18,49.664,20.242,29.914
21.87,0.18,49.386,20.365,30.069
21.875,0.183,49.149,20.487,30.181
21.88,0.183,48.985,20.564,30.268
21.885,0.182,48.822,20.618,30.378
21.89,0.17,48.738,20.59,30.502
21.895,0.152,48.64,20.631,30.578
21.9,0.142,48.641,20.567,30.65
21.905,0.144,48.683,20.435,30.737
21.91,0.139,48.657,20.393,30.812
21.915,0.13,48.614,20.338,30.919
21.92,0.127,48.58,20.231,31.063
21.925,0.125,48.535,20.156,31.184
21.93,0.13,48.45,20.205,31.215
21.935,0.131,48.35,20.242,31.277
21.94,0.131,48.218,20.234,31.418
21.945,0.128,48.183,20.188,31.502
21.95,0.125,48.005,20.462,31.409
21.955,0.12,47.808,20.696,31.376
21.96,0.119,47.679,20.814,31.388
21.965,0.111,47.602,20.79,31.496
21.97,0.103,47.579,20.811,31.507
21.975,0.092,47.537,20.91,31.461
21.98,0.084,47.443,21.117,31.356
21.985,0.088,47.299,21.435,31.179
21.99,0.09,47.256,21.584,31.069
21.995,0.095,47.302,21.659,30.944
22,0.099,47.301,21.786,30.814
22.005,0.107,47.337,21.823,30.733
22.01,0.112,47.479,21.666,30.742
22.015,0.118,47.604,21.554,30.724
22.02,0.12,47.762,21.514,30.604
22.025,0.12,48.019,21.431,30.429
22.03,0.11,48.381,21.252,30.258
22.035,0.098,48.637,21.24,30.025
22.04,0.097,48.898,21.173,29.833
22.045,0.105,49.172,21.02,29.703
22.05,0.108,49.413,20.982,29.497
22.055,0.115,49.64,20.93,29.315
22.06,0.124,49.822,20.916,29.138
22.065,0.138,49.968,20.983,28.911
22.07,0.152,50.145,20.993,28.709
22.075,0.158,50.381,20.94,28.52
22.08,0.16,50.577,20.974,28.29
22.085,0.157,50.774,20.913,28.156
22.09,0.149,50.908,20.907,28.036
22.095,0.145,51.025,20.991,27.839
22.1,0.145,51.116,21.071,27.668
22.105,0.147,51.199,21.15,27.505
22.11,0.141,51.372,21.004,27.483
22.115,0.13,51.564,20.805,27.502
22.12,0.116,51.679,20.657,27.548
22.125,0.11,51.794,20.478,27.617
22.13,0.117,51.731,20.407,27.746
22.135,0.125,51.559,20.381,27.935
22.14,0.134,51.327,20.348,28.191
22.145,0.149,51.07,20.329,28.452
22.15,0.155,50.877,20.249,28.719
22.155,0.159,50.737,20.108,28.996
22.16,0.166,50.528,20.107,29.199
22.165,0.166,50.238,20.235,29.361
22.17,0.156,49.985,20.318,29.541
22.175,0.153,49.775,20.353,29.718
22.18,0.154,49.597,20.46,29.79
22.185,0.159,49.382,20.609,29.85
22.19,0.174,49.143,20.724,29.958
22.195,0.197,49.009,20.591,30.203
22.2,0.205,48.958,20.385,30.453
22.205,0.215,48.794,20.314,30.678
22.21,0.227,48.464,20.39,30.919
22.215,0.229,48.16,20.441,31.17
22.22,0.223,47.899,20.448,31.43
22.225,0.218,47.663,20.501,31.618
22.23,0.217,47.423,20.569,31.79
22.235,0.22,47.214,20.519,32.047
22.24,0.22,46.95,20.563,32.268
22.245,0.218,46.678,20.634,32.47
22.25,0.206,46.454,20.758,32.582
22.255,0.203,46.29,20.832,32.676
22.26,0.209,46.164,20.785,32.842
22.265,0.213,46.05,20.706,33.03
22.27,0.208,45.938,20.65,33.205
22.275,0.202,45.886,20.538,33.373
22.28,0.195,45.887,20.522,33.396
22.285,0.189,45.868,20.589,33.354
22.29,0.189,45.932,20.564,33.315
22.295,0.189,45.988,20.598,33.225
22.3,0.19,46.082,20.631,33.098
22.305,0.194,46.177,20.67,32.959
22.31,0.193,46.298,20.683,32.826
22.315,0.191,46.457,20.618,32.734
22.32,0.189,46.548,20.657,32.606
22.325,0.188,46.696,20.704,32.411
22.33,0.194,46.837,20.752,32.218
22.335,0.203,46.959,20.812,32.027
22.34,0.211,47.106,20.787,31.897
22.345,0.225,47.189,20.816,31.77
22.35,0.238,47.23,20.866,31.666
22.355,0.248,47.288,20.896,31.568
22.36,0.26,47.378,21.008,31.353
22.365,0.268,47.536,20.979,31.218
22.37,0.275,47.654,21.03,31.041
22.375,0.277,47.793,21.114,30.817
22.38,0.282,47.985,21.079,30.654
22.385,0.292,48.067,21.188,30.453
22.39,0.296,48.209,21.221,30.274
22.395,0.298,48.451,21.201,30.05
22.4,0.284,48.716,21.232,29.767
22.405,0.269,49.083,21.174,29.474
22.41,0.257,49.439,21.117,29.187
22.415,0.238,49.735,21.069,28.958
22.42,0.225,49.822,21.228,28.725
22.425,0.213,49.815,21.34,28.633
22.43,0.204,49.83,21.273,28.694
22.435,0.202,49.891,21.156,28.751
22.44,0.196,49.998,20.994,28.811
22.445,0.195,50.036,21.012,28.757
22.45,0.191,50.122,21.069,28.618
22.455,0.192,50.314,20.984,28.509
22.46,0.19,50.39,21.011,28.41
22.465,0.188,50.587,20.861,28.363
22.47,0.179,50.709,20.891,28.22
22.475,0.169,50.894,20.895,28.043
22.48,0.159,51.154,20.879,27.809
22.485,0.153,51.484,20.777,27.585
22.49,0.148,51.862,20.535,27.455
22.495,0.141,52.052,20.603,27.204
22.5,0.132,52.292,20.648,26.927
22.505,0.125,52.533,20.605,26.737
22.51,0.123,52.795,20.462,26.619
22.515,0.118,53.059,20.321,26.503
22.52,0.108,53.283,20.184,26.426
22.525,0.098,53.436,20.115,26.351
22.53,0.09,53.524,20.145,26.241
22.535,0.085,53.684,20.176,26.055
22.54,0.082,53.89,20.137,25.892
22.545,0.077,54.039,20.147,25.737
22.55,0.068,54.268,20.045,25.618
22.555,0.062,54.437,19.987,25.515
22.56,0.055,54.733,19.722,25.491
22.565,0.046,54.974,19.606,25.373
22.57,0.043,55.028,19.752,25.177
22.575,0.041,55.18,19.844,24.935
22.58,0.046,55.458,19.725,24.771
22.585,0.053,55.757,19.653,24.537
22.59,0.064,55.907,19.69,24.338
22.595,0.08,56.082,19.724,24.114
22.6,0.103,56.297,19.667,23.933
22.605,0.121,56.509,19.733,23.636
22.61,0.135,56.696,19.845,23.323
22.615,0.144,56.889,19.915,23.052
22.62,0.146,57.108,19.968,22.777
22.625,0.151,57.317,19.958,22.573
22.63,0.157,57.504,19.885,22.454
22.635,0.162,57.564,19.915,22.359
22.64,0.17,57.517,20.007,22.306
22.645,0.177,57.373,20.148,22.302
22.65,0.182,57.33,20.148,22.34
22.655,0.175,57.279,20.179,22.368
22.66,0.172,57.245,20.294,22.289
22.665,0.171,57.216,20.347,22.266
22.67,0.181,57.305,20.315,22.199
22.675,0.186,57.364,20.402,22.047
22.68,0.197,57.412,20.45,21.941
22.685,0.2,57.537,20.395,21.868
22.69,0.207,57.599,20.402,21.791
22.695,0.21,57.57,20.577,21.643
22.7,0.215,57.583,20.712,21.489
22.705,0.222,57.567,20.845,21.366
22.71,0.232,57.569,20.952,21.248
22.715,0.241,57.592,21.046,21.121
22.72,0.254,57.667,20.985,21.095
22.725,0.264,57.759,20.906,21.072
22.73,0.27,57.899,20.858,20.973
22.735,0.269,58.049,20.847,20.835
22.74,0.273,58.117,20.926,20.684
22.745,0.285,58.211,20.896,20.607
22.75,0.294,58.232,20.935,20.539
22.755,0.298,58.279,21.003,20.421
22.76,0.291,58.282,21.088,20.339
22.765,0.288,58.305,21.114,20.294
22.77,0.276,58.327,21.127,20.271
22.775,0.272,58.398,21.035,20.296
22.78,0.278,58.412,21.001,20.308
22.785,0.275,58.479,21.002,20.244
22.79,0.277,58.566,21.075,20.082
22.795,0.273,58.685,21.15,19.893
22.8,0.267,58.779,21.242,19.712
22.805,0.268,58.935,21.243,19.553
22.81,0.264,59.087,21.292,19.357
22.815,0.258,59.217,21.358,19.167
22.82,0.248,59.422,21.253,19.076
22.825,0.239,59.681,21.099,18.98
22.83,0.236,60.035,20.8,18.929
22.835,0.239,60.261,20.683,18.817
22.84,0.243,60.499,20.555,18.702
22.845,0.24,60.68,20.368,18.711
22.85,0.241,60.858,20.223,18.679
22.855,0.237,60.924,20.254,18.585
22.86,0.254,60.89,20.168,18.689
22.865,0.262,60.987,20.065,18.686
22.87,0.278,61.011,19.977,18.734
22.875,0.287,61.093,19.796,18.823
22.88,0.291,61.133,19.657,18.918
22.885,0.287,61.2,19.476,19.038
22.89,0.275,61.337,19.289,19.098
22.895,0.266,61.455,19.208,19.071
22.9,0.254,61.528,19.218,19
22.905,0.245,61.636,19.198,18.92
22.91,0.245,61.719,19.178,18.858
22.915,0.247,61.834,19.158,18.761
22.92,0.25,62.02,19.05,18.68
22.925,0.252,62.268,18.854,18.627
22.93,0.252,62.513,18.696,18.54
22.935,0.239,62.735,18.596,18.43
22.94,0.234,62.93,18.546,18.29
22.945,0.237,63.138,18.471,18.153
22.95,0.23,63.409,18.345,18.015
22.955,0.224,63.69,18.234,17.851
22.96,0.215,63.868,18.227,17.69
22.965,0.207,63.983,18.212,17.597
22.97,0.205,64.114,18.124,17.557
22.975,0.207,64.281,18.025,17.486
22.98,0.211,64.417,18.003,17.369
22.985,0.219,64.528,17.997,17.257
22.99,0.223,64.718,17.91,17.15
22.995,0.227,64.884,17.845,17.044
23,0.231,65.104,17.813,16.852
23.005,0.23,65.311,17.889,16.569
23.01,0.229,65.542,17.918,16.31
23.015,0.233,65.778,17.889,16.101
23.02,0.233,65.933,17.925,15.908
23.025,0.232,66.065,17.974,15.728
23.03,0.233,66.202,17.971,15.594
23.035,0.237,66.319,18.085,15.359
23.04,0.243,66.478,18.127,15.152
23.045,0.256,66.648,18.169,14.927
23.05,0.268,66.821,18.263,14.648
23.055,0.281,67.036,18.26,14.423
23.06,0.284,67.27,18.297,14.149
23.065,0.288,67.557,18.238,13.918
23.07,0.28,67.76,18.224,13.736
23.075,0.275,67.839,18.293,13.593
23.08,0.278,67.916,18.34,13.466
23.085,0.283,67.959,18.375,13.382
23.09,0.286,67.861,18.52,13.333
23.095,0.291,67.806,18.58,13.323
23.1,0.295,67.77,18.593,13.342
23.105,0.299,67.774,18.578,13.349
23.11,0.299,67.817,18.467,13.416
23.115,0.296,67.805,18.376,13.523
23.12,0.289,67.723,18.381,13.608
23.125,0.286,67.646,18.381,13.686
23.13,0.283,67.636,18.332,13.748
23.135,0.288,67.557,18.388,13.767
23.14,0.293,67.566,18.345,13.796
23.145,0.305,67.625,18.26,13.811
23.15,0.316,67.583,18.284,13.816
23.155,0.324,67.488,18.347,13.84
23.16,0.333,67.426,18.348,13.894
23.165,0.331,67.316,18.451,13.902
23.17,0.322,67.17,18.56,13.948
23.175,0.314,67.062,18.586,14.039
23.18,0.306,66.944,18.593,14.157
23.185,0.301,66.903,18.518,14.278
23.19,0.301,66.882,18.414,14.404
23.195,0.309,66.746,18.425,14.52
23.2,0.322,66.655,18.443,14.58
23.205,0.343,66.499,18.458,14.7
23.21,0.362,66.453,18.346,14.84
23.215,0.374,66.48,18.245,14.901
23.22,0.384,66.513,18.186,14.917
23.225,0.381,66.6,18.084,14.935
23.23,0.374,66.751,17.972,14.904
23.235,0.368,66.819,17.929,14.885
23.24,0.367,66.894,17.854,14.886
23.245,0.364,66.957,17.797,14.882
23.25,0.366,66.966,17.762,14.906
23.255,0.36,66.962,17.727,14.951
23.26,0.361,66.96,17.634,15.045
23.265,0.355,66.928,17.555,15.162
23.27,0.355,66.889,17.489,15.266
23.275,0.361,66.954,17.295,15.39
23.28,0.359,66.983,17.13,15.528
23.285,0.345,66.979,17.083,15.593
23.29,0.346,66.899,17.113,15.643
23.295,0.336,66.753,17.193,15.719
23.3,0.34,66.615,17.219,15.826
23.305,0.347,66.498,17.214,15.94
23.31,0.349,66.433,17.162,16.056
23.315,0.354,66.294,17.192,16.16
23.32,0.35,66.153,17.237,16.26
23.325,0.346,66.04,17.215,16.399
23.33,0.344,65.914,17.224,16.519
23.335,0.331,65.838,17.184,16.647
23.34,0.324,65.746,17.219,16.711
23.345,0.326,65.653,17.262,16.759
23.35,0.333,65.475,17.358,16.834
23.355,0.336,65.416,17.329,16.919
23.36,0.338,65.482,17.188,16.992
23.365,0.341,65.5,17.085,17.074
23.37,0.345,65.604,16.972,17.079
23.375,0.341,65.69,16.834,17.135
23.38,0.337,65.759,16.829,17.076
23.385,0.336,65.849,16.801,17.014
23.39,0.335,65.919,16.781,16.965
23.395,0.33,65.938,16.793,16.939
23.4,0.326,65.966,16.814,16.894
23.405,0.33,66.03,16.765,16.875
23.41,0.337,66.093,16.72,16.85
23.415,0.339,66.161,16.659,16.842
23.42,0.34,66.226,16.654,16.78
23.425,0.352,66.295,16.652,16.702
23.43,0.353,66.35,16.656,16.64
23.435,0.352,66.458,16.631,16.559
23.44,0.362,66.555,16.646,16.437
23.445,0.37,66.671,16.672,16.287
23.45,0.387,66.793,16.609,16.211
23.455,0.402,66.976,16.476,16.145
23.46,0.416,67.149,16.333,16.102
23.465,0.419,67.275,16.277,16.029
23.47,0.428,67.358,16.243,15.971
23.475,0.449,67.419,16.212,15.92
23.48,0.478,67.398,16.273,15.85
23.485,0.503,67.363,16.303,15.832
23.49,0.508,67.409,16.29,15.793
23.495,0.518,67.52,16.168,15.794
23.5,0.533,67.658,16.01,15.8
23.505,0.538,67.794,15.898,15.77
23.51,0.55,67.903,15.807,15.74
23.515,0.552,68.107,15.585,15.756
23.52,0.565,68.22,15.456,15.759
23.525,0.591,68.208,15.392,15.808
23.53,0.614,68.19,15.326,15.869
23.535,0.642,68.179,15.214,15.965
23.54,0.656,68.156,15.196,15.992
23.545,0.661,68.127,15.243,15.969
23.55,0.677,68.169,15.195,15.959
23.555,0.692,68.235,15.111,15.962
23.56,0.709,68.299,15.035,15.958
23.565,0.723,68.36,14.919,15.997
23.57,0.754,68.349,14.85,16.047
23.575,0.786,68.386,14.719,16.11
23.58,0.824,68.409,14.628,16.139
23.585,0.873,68.361,14.57,16.196
23.59,0.915,68.26,14.577,16.248
23.595,0.956,68.179,14.531,16.334
23.6,0.989,68.095,14.451,16.465
23.605,1.018,68.048,14.36,16.574
23.61,1.04,68.075,14.168,16.717
23.615,1.06,68.215,13.928,16.797
23.62,1.091,68.219,13.796,16.894
23.625,1.137,68.232,13.687,16.945
23.63,1.187,68.215,13.644,16.955
23.635,1.244,68.179,13.583,16.995
23.64,1.282,68.275,13.427,17.015
23.645,1.31,68.344,13.325,17.021
23.65,1.328,68.394,13.254,17.023
23.655,1.346,68.517,13.098,17.039
23.66,1.349,68.661,12.992,16.998
23.665,1.354,68.766,12.899,16.982
23.67,1.376,68.901,12.713,17.01
23.675,1.396,69.063,12.52,17.021
23.68,1.409,69.173,12.45,16.969
23.685,1.434,69.318,12.333,16.915
23.69,1.449,69.471,12.249,16.831
23.695,1.485,69.576,12.198,16.741
23.7,1.524,69.686,12.184,16.606
23.705,1.553,69.79,12.155,16.502
23.71,1.576,69.883,12.134,16.406
23.715,1.595,69.973,12.106,16.326
23.72,1.634,70.043,12.07,16.253
23.725,1.675,70.1,12.005,16.22
23.73,1.695,70.175,11.925,16.205
23.735,1.714,70.27,11.858,16.158
23.74,1.726,70.379,11.786,16.108
23.745,1.749,70.474,11.714,16.063
23.75,1.78,70.498,11.695,16.027
23.755,1.803,70.47,11.733,15.994
23.76,1.821,70.545,11.737,15.897
23.765,1.848,70.594,11.75,15.808
23.77,1.891,70.646,11.793,15.669
23.775,1.941,70.759,11.787,15.513
23.78,1.98,70.865,11.788,15.367
23.785,2.014,71.032,11.656,15.299
23.79,2.051,71.221,11.516,15.212
23.795,2.083,71.381,11.429,15.107
23.8,2.113,71.573,11.353,14.96
23.805,2.154,71.738,11.323,14.786
23.81,2.183,71.935,11.244,14.637
23.815,2.208,72.143,11.168,14.481
23.82,2.24,72.318,11.136,14.306
23.825,2.268,72.508,11.087,14.136
23.83,2.304,72.701,11.067,13.929
23.835,2.332,72.791,11.211,13.666
23.84,2.364,72.923,11.307,13.406
23.845,2.384,73.11,11.319,13.187
23.85,2.399,73.27,11.369,12.962
23.855,2.411,73.374,11.499,12.716
23.86,2.421,73.512,11.605,12.462
23.865,2.436,73.684,11.654,12.226
23.87,2.451,73.887,11.665,11.997
23.875,2.459,74.118,11.623,11.8
23.88,2.485,74.274,11.691,11.55
23.885,2.5,74.364,11.806,11.329
23.89,2.496,74.549,11.816,11.139
23.895,2.484,74.752,11.811,10.953
23.9,2.486,74.943,11.828,10.743
23.905,2.491,75.166,11.857,10.487
23.91,2.494,75.436,11.848,10.222
23.915,2.502,75.641,11.9,9.957
23.92,2.521,75.78,12.026,9.674
23.925,2.538,75.966,12.089,9.408
23.93,2.557,76.097,12.17,9.176
23.935,2.576,76.236,12.293,8.895
23.94,2.592,76.37,12.408,8.631
23.945,2.59,76.599,12.438,8.372
23.95,2.591,76.833,12.44,8.136
23.955,2.603,77.028,12.434,7.935
23.96,2.622,77.155,12.521,7.701
23.965,2.637,77.283,12.576,7.504
23.97,2.642,77.475,12.532,7.352
23.975,2.64,77.652,12.541,7.166
23.98,2.647,77.786,12.632,6.936
23.985,2.641,77.971,12.635,6.754
23.99,2.641,78.174,12.587,6.598
23.995,2.652,78.325,12.6,6.423
24,2.676,78.436,12.568,6.32
24.005,2.697,78.502,12.546,6.255
24.01,2.708,78.53,12.575,6.187
24.015,2.726,78.546,12.586,6.142
24.02,2.733,78.556,12.622,6.089
24.025,2.759,78.576,12.61,6.055
24.03,2.777,78.557,12.636,6.03
24.035,2.779,78.557,12.619,6.044
24.04,2.781,78.534,12.601,6.084
24.045,2.779,78.468,12.604,6.148
24.05,2.793,78.337,12.684,6.186
24.055,2.8,78.231,12.733,6.236
24.06,2.815,78.199,12.72,6.266
24.065,2.831,78.155,12.745,6.269
24.07,2.84,78.138,12.748,6.274
24.075,2.853,78.122,12.722,6.303
24.08,2.858,78.114,12.69,6.337
24.085,2.863,78.03,12.747,6.36
24.09,2.879,77.954,12.81,6.356
24.095,2.888,77.899,12.787,6.426
24.1,2.9,77.818,12.789,6.493
24.105,2.899,77.749,12.809,6.544
24.11,2.895,77.65,12.831,6.623
24.115,2.885,77.538,12.885,6.692
24.12,2.893,77.303,13.045,6.759
24.125,2.906,77.079,13.182,6.834
24.13,2.916,76.846,13.343,6.894
24.135,2.917,76.638,13.477,6.968
24.14,2.909,76.464,13.558,7.07
24.145,2.899,76.274,13.674,7.153
24.15,2.899,76.172,13.696,7.233
24.155,2.907,76.058,13.724,7.311
24.16,2.925,75.927,13.741,7.407
24.165,2.934,75.742,13.794,7.53
24.17,2.944,75.491,13.935,7.63
24.175,2.959,75.23,14.037,7.774
24.18,2.973,74.989,14.083,7.955
24.185,2.969,74.812,14.088,8.131
24.19,2.971,74.604,14.162,8.263
24.195,2.966,74.388,14.256,8.389
24.2,2.959,74.194,14.333,8.514
24.205,2.96,74.002,14.433,8.605
24.21,2.957,73.809,14.521,8.712
24.215,2.946,73.589,14.645,8.819
24.22,2.927,73.407,14.736,8.929
24.225,2.912,73.222,14.822,9.044
24.23,2.895,73.08,14.868,9.157
24.235,2.885,72.898,14.94,9.277
24.24,2.877,72.705,15.057,9.361
24.245,2.867,72.475,15.221,9.437
24.25,2.877,72.283,15.304,9.536
24.255,2.871,72.133,15.319,9.677
24.26,2.854,71.981,15.369,9.796
24.265,2.852,71.775,15.454,9.92
24.27,2.842,71.571,15.517,10.071
24.275,2.831,71.445,15.492,10.233
24.28,2.81,71.344,15.451,10.395
24.285,2.771,71.202,15.442,10.585
24.29,2.72,71.087,15.453,10.74
24.295,2.664,70.972,15.479,10.885
24.3,2.64,70.868,15.428,11.065
24.305,2.625,70.729,15.443,11.203
24.31,2.612,70.543,15.507,11.338
24.315,2.605,70.369,15.519,11.507
24.32,2.595,70.218,15.545,11.642
24.325,2.584,70.123,15.562,11.731
24.33,2.564,70.068,15.532,11.836
24.335,2.56,69.953,15.58,11.907
24.34,2.531,69.879,15.611,11.979
24.345,2.512,69.791,15.7,11.997
24.35,2.485,69.786,15.713,12.016
24.355,2.455,69.818,15.623,12.104
24.36,2.422,69.788,15.634,12.157
24.365,2.381,69.744,15.658,12.218
24.37,2.346,69.741,15.64,12.273
24.375,2.302,69.739,15.653,12.306
24.38,2.254,69.773,15.631,12.342
24.385,2.214,69.859,15.575,12.352
24.39,2.162,69.93,15.573,12.336
24.395,2.11,69.984,15.603,12.303
24.4,2.072,70.043,15.623,12.262
24.405,2.015,70.134,15.63,12.221
24.41,1.961,70.244,15.596,12.2
24.415,1.917,70.378,15.518,12.187
24.42,1.861,70.437,15.507,12.195
24.425,1.813,70.453,15.517,12.217
24.43,1.781,70.378,15.507,12.333
24.435,1.75,70.264,15.49,12.496
24.44,1.714,70.178,15.47,12.638
24.445,1.686,70.003,15.514,12.796
24.45,1.653,69.776,15.619,12.952
24.455,1.625,69.564,15.73,13.081
24.46,1.596,69.497,15.647,13.26
24.465,1.562,69.325,15.665,13.448
24.47,1.522,69.159,15.66,13.66
24.475,1.487,68.948,15.736,13.829
24.48,1.449,68.747,15.796,14.007
24.485,1.401,68.596,15.738,14.265
24.49,1.35,68.511,15.619,14.52
24.495,1.3,68.408,15.511,14.781
24.5,1.265,68.168,15.524,15.043
24.505,1.229,67.942,15.522,15.307
24.51,1.195,67.747,15.45,15.608
24.515,1.161,67.597,15.372,15.869
24.52,1.136,67.412,15.394,16.059
24.525,1.111,67.303,15.38,16.206
24.53,1.09,67.177,15.38,16.353
24.535,1.078,66.995,15.476,16.452
24.54,1.06,66.81,15.595,16.534
24.545,1.033,66.67,15.619,16.678
24.55,1.01,66.527,15.603,16.86
24.555,0.98,66.455,15.601,16.963
24.56,0.966,66.389,15.569,17.076
24.565,0.949,66.353,15.527,17.171
24.57,0.925,66.227,15.576,17.273
24.575,0.894,66.066,15.671,17.368
24.58,0.876,65.935,15.665,17.524
24.585,0.867,65.779,15.666,17.688
24.59,0.855,65.599,15.714,17.832
24.595,0.85,65.437,15.734,17.979
24.6,0.845,65.236,15.831,18.089
24.605,0.841,65.012,15.966,18.181
24.61,0.832,64.739,16.168,18.261
24.615,0.82,64.469,16.3,18.411
24.62,0.796,64.365,16.249,18.591
24.625,0.772,64.243,16.255,18.73
24.63,0.742,64.049,16.378,18.832
24.635,0.71,63.867,16.496,18.928
24.64,0.659,63.656,16.69,18.995
24.645,0.62,63.454,16.781,19.145
24.65,0.594,63.228,16.91,19.268
24.655,0.562,62.992,17.031,19.414
24.66,0.533,62.812,16.943,19.712
24.665,0.511,62.652,16.79,20.047
24.67,0.493,62.441,16.81,20.256
24.675,0.477,62.197,16.913,20.413
24.68,0.458,61.976,17.006,20.56
24.685,0.437,61.738,17.138,20.687
24.69,0.426,61.405,17.359,20.81
24.695,0.423,61.102,17.535,20.941
24.7,0.416,60.859,17.647,21.079
24.705,0.394,60.678,17.691,21.237
24.71,0.376,60.512,17.735,21.377
24.715,0.366,60.303,17.842,21.489
24.72,0.36,60.03,18.038,21.572
24.725,0.364,59.788,18.19,21.658
24.73,0.361,59.612,18.25,21.778
24.735,0.348,59.514,18.157,21.982
24.74,0.331,59.462,18.035,22.172
24.745,0.309,59.384,18.01,22.297
24.75,0.282,59.237,18.103,22.378
24.755,0.27,59.016,18.235,22.479
24.76,0.26,58.815,18.352,22.572
24.765,0.257,58.651,18.448,22.644
24.77,0.263,58.523,18.469,22.746
24.775,0.277,58.374,18.615,22.734
24.78,0.279,58.214,18.863,22.644
24.785,0.278,58.05,19.054,22.618
24.79,0.282,57.893,19.17,22.655
24.795,0.288,57.672,19.335,22.706
24.8,0.286,57.395,19.519,22.8
24.805,0.287,57.156,19.694,22.863
24.81,0.277,56.883,19.983,22.857
24.815,0.268,56.666,20.187,22.878
24.82,0.258,56.466,20.441,22.835
24.825,0.253,56.226,20.71,22.812
24.83,0.245,56.069,20.836,22.851
24.835,0.239,56.037,20.8,22.924
24.84,0.243,55.961,20.862,22.933
24.845,0.248,55.898,20.987,22.867
24.85,0.237,55.877,21.142,22.744
24.855,0.227,55.892,21.287,22.595
24.86,0.218,55.978,21.338,22.467
24.865,0.217,56.021,21.449,22.313
24.87,0.213,56.053,21.546,22.188
24.875,0.202,56.071,21.629,22.097
24.88,0.185,55.993,21.892,21.93
24.885,0.171,55.986,22.008,21.834
24.89,0.163,55.999,21.982,21.856
24.895,0.156,55.966,22.083,21.795
24.9,0.156,55.928,22.227,21.689
24.905,0.16,55.907,22.373,21.56
24.91,0.162,55.893,22.43,21.514
24.915,0.167,55.905,22.439,21.489
24.92,0.176,55.838,22.481,21.505
24.925,0.178,55.849,22.463,21.51
24.93,0.179,55.8,22.491,21.529
24.935,0.172,55.673,22.674,21.48
24.94,0.166,55.635,22.71,21.489
24.945,0.153,55.598,22.721,21.529
24.95,0.15,55.51,22.772,21.568
24.955,0.143,55.439,22.804,21.614
24.96,0.135,55.419,22.778,21.668
24.965,0.131,55.449,22.719,21.701
24.97,0.133,55.452,22.728,21.688
24.975,0.135,55.416,22.788,21.662
24.98,0.134,55.467,22.825,21.574
24.985,0.133,55.559,22.859,21.449
24.99,0.13,55.586,22.978,21.307
24.995,0.124,55.598,23.104,21.174
25,0.115,55.611,23.276,20.998
25.005,0.102,55.694,23.318,20.886
25.01,0.096,55.776,23.336,20.792
25.015,0.089,55.777,23.445,20.689
25.02,0.087,55.774,23.532,20.607
25.025,0.083,55.786,23.555,20.576
25.03,0.084,55.708,23.635,20.573
25.035,0.089,55.661,23.657,20.593
25.04,0.093,55.578,23.682,20.648
25.045,0.097,55.466,23.775,20.662
25.05,0.108,55.356,23.834,20.701
25.055,0.107,55.335,23.865,20.693
25.06,0.108,55.327,23.872,20.693
25.065,0.111,55.231,23.93,20.727
25.07,0.117,55.009,24.178,20.696
25.075,0.115,54.771,24.412,20.702
25.08,0.113,54.618,24.581,20.688
25.085,0.105,54.395,24.804,20.695
25.09,0.094,54.192,25.009,20.705
25.095,0.087,54.073,25.126,20.713
25.1,0.083,53.898,25.177,20.842
25.105,0.082,53.77,25.146,21.002
25.11,0.076,53.611,25.186,21.127
25.115,0.071,53.428,25.186,21.315
25.12,0.067,53.319,25.21,21.404
25.125,0.068,53.305,25.173,21.454
25.13,0.067,53.255,25.122,21.556
25.135,0.066,53.175,25.155,21.603
25.14,0.067,53.271,25.032,21.63
25.145,0.067,53.241,25.065,21.627
25.15,0.069,53.229,25.008,21.694
25.155,0.075,53.207,25.021,21.697
25.16,0.086,53.136,25.026,21.752
25.165,0.096,53.056,24.984,21.864
25.17,0.121,52.943,25.01,21.926
25.175,0.147,52.818,25.013,22.022
25.18,0.161,52.799,24.958,22.083
25.185,0.169,52.827,24.879,22.125
25.19,0.173,52.92,24.722,22.185
25.195,0.176,52.946,24.599,22.279
25.2,0.176,52.913,24.633,22.278
25.205,0.182,52.879,24.708,22.231
25.21,0.186,52.907,24.72,22.186
25.215,0.188,52.996,24.656,22.16
25.22,0.186,53.039,24.612,22.163
25.225,0.188,53.078,24.575,22.159
25.23,0.185,53.165,24.501,22.149
25.235,0.189,53.237,24.471,22.103
25.24,0.19,53.216,24.556,22.038
25.245,0.191,53.104,24.734,21.972
25.25,0.191,52.967,24.886,21.956
25.255,0.192,52.906,24.955,21.947
25.26,0.187,52.92,24.927,21.967
25.265,0.189,52.95,24.852,22.009
25.27,0.197,52.975,24.76,22.067
25.275,0.205,53.08,24.618,22.096
25.28,0.21,53.227,24.482,22.08
25.285,0.202,53.443,24.311,22.043
25.29,0.189,53.694,24.104,22.013
25.295,0.18,53.796,24.106,21.918
25.3,0.175,53.855,24.12,21.85
25.305,0.175,53.923,24.185,21.718
25.31,0.174,53.992,24.225,21.609
25.315,0.175,54.038,24.297,21.489
25.32,0.179,54.057,24.339,21.424
25.325,0.185,54.083,24.312,21.421
25.33,0.187,54.204,24.208,21.401
25.335,0.195,54.265,24.195,21.345
25.34,0.202,54.263,24.251,21.284
25.345,0.202,54.22,24.325,21.253
25.35,0.201,54.172,24.32,21.307
25.355,0.205,54.176,24.264,21.356
25.36,0.207,54.181,24.302,21.31
25.365,0.205,54.276,24.189,21.33
25.37,0.197,54.463,23.982,21.358
25.375,0.193,54.66,23.804,21.343
25.38,0.192,54.777,23.638,21.394
25.385,0.19,54.967,23.433,21.411
25.39,0.191,55.176,23.224,21.408
25.395,0.197,55.364,23.029,21.41
25.4,0.199,55.608,22.804,21.388
25.405,0.206,55.91,22.499,21.386
25.41,0.207,56.189,22.262,21.341
25.415,0.206,56.468,22.044,21.282
25.42,0.217,56.774,21.496,21.513
25.425,0.218,57.198,21.036,21.548
25.43,0.221,57.571,20.63,21.578
25.435,0.229,57.973,20.215,21.583
25.44,0.231,58.276,19.928,21.565
25.445,0.233,58.618,19.684,21.465
25.45,0.236,58.908,19.515,21.341
25.455,0.242,59.148,19.331,21.279
25.46,0.254,59.324,19.226,21.195
25.465,0.266,59.46,19.2,21.073
25.47,0.276,59.547,19.185,20.992
25.475,0.286,59.749,19.055,20.911
25.48,0.296,60.012,18.895,20.797
25.485,0.302,60.378,18.64,20.68
25.49,0.295,60.756,18.36,20.588
25.495,0.284,61.069,18.196,20.452
25.5,0.29,61.301,18.091,20.317
25.505,0.29,61.541,17.974,20.196
25.51,0.285,61.702,17.954,20.059
25.515,0.28,61.855,17.978,19.887
25.52,0.267,62.062,17.896,19.775
25.525,0.265,62.248,17.759,19.727
25.53,0.26,62.511,17.543,19.685
25.535,0.271,62.725,17.429,19.576
25.54,0.288,62.873,17.338,19.502
25.545,0.303,62.97,17.283,19.444
25.55,0.312,63.034,17.227,19.428
25.555,0.31,63.15,17.109,19.431
25.56,0.3,63.296,16.972,19.432
25.565,0.293,63.355,16.983,19.369
25.57,0.298,63.437,16.952,19.313
25.575,0.306,63.663,16.781,19.25
25.58,0.311,63.798,16.631,19.26
25.585,0.33,63.813,16.592,19.265
25.59,0.357,63.771,16.607,19.265
25.595,0.388,63.781,16.504,19.327
25.6,0.424,63.802,16.408,19.365
25.605,0.44,63.834,16.328,19.398
25.61,0.46,63.881,16.229,19.43
25.615,0.474,64.032,16.01,19.484
25.62,0.483,64.184,15.779,19.554
25.625,0.495,64.239,15.621,19.645
25.63,0.514,64.255,15.522,19.71
25.635,0.525,64.282,15.384,19.809
25.64,0.529,64.33,15.253,19.889
25.645,0.518,64.363,15.131,19.988
25.65,0.51,64.381,14.99,20.118
25.655,0.499,64.365,14.993,20.143
25.66,0.491,64.292,15.005,20.212
25.665,0.489,64.24,14.929,20.342
25.67,0.49,64.229,14.784,20.497
25.675,0.487,64.216,14.646,20.651
25.68,0.493,64.165,14.583,20.759
25.685,0.48,64.164,14.532,20.825
25.69,0.47,64.247,14.446,20.837
25.695,0.468,64.328,14.321,20.883
25.7,0.467,64.383,14.229,20.921
25.705,0.483,64.487,14.066,20.965
25.71,0.493,64.603,13.934,20.97
25.715,0.499,64.705,13.857,20.939
25.72,0.508,64.811,13.784,20.896
25.725,0.497,64.92,13.758,20.825
25.73,0.492,64.948,13.835,20.725
25.735,0.477,65.033,13.8,20.69
25.74,0.461,65.005,13.921,20.612
25.745,0.452,64.948,14.001,20.599
25.75,0.43,64.9,14.083,20.587
25.755,0.415,64.811,14.169,20.605
25.76,0.403,64.771,14.226,20.599
25.765,0.395,64.731,14.331,20.544
25.77,0.384,64.736,14.358,20.523
25.775,0.366,64.777,14.296,20.56
25.78,0.357,64.807,14.267,20.569
25.785,0.348,64.777,14.316,20.559
25.79,0.337,64.817,14.249,20.597
25.795,0.335,64.855,14.214,20.595
25.8,0.328,64.915,14.164,20.593
25.805,0.321,64.99,14.084,20.605
25.81,0.31,65.037,14.095,20.557
25.815,0.303,65.088,14.105,20.503
25.82,0.305,65.116,14.118,20.462
25.825,0.308,65.101,14.195,20.396
25.83,0.316,65.079,14.266,20.339
25.835,0.323,65.093,14.272,20.312
25.84,0.333,65.093,14.318,20.256
25.845,0.338,65.08,14.363,20.219
25.85,0.352,65.119,14.334,20.195
25.855,0.354,65.223,14.223,20.2
25.86,0.35,65.303,14.171,20.176
25.865,0.349,65.387,14.142,20.122
25.87,0.346,65.42,14.214,20.02
25.875,0.345,65.432,14.295,19.927
25.88,0.342,65.498,14.318,19.842
25.885,0.341,65.567,14.364,19.728
25.89,0.343,65.579,14.457,19.621
25.895,0.351,65.583,14.57,19.496
25.9,0.35,65.626,14.627,19.397
25.905,0.343,65.661,14.78,19.215
25.91,0.336,65.774,14.843,19.047
25.915,0.329,65.998,14.797,18.876
25.92,0.332,66.12,14.896,18.652
25.925,0.336,66.285,14.984,18.395
25.93,0.337,66.421,15.137,18.105
25.935,0.336,66.608,15.22,17.837
25.94,0.338,66.789,15.271,17.602
25.945,0.333,66.948,15.324,17.395
25.95,0.333,67.089,15.453,17.125
25.955,0.342,67.216,15.597,16.845
25.96,0.352,67.351,15.722,16.575
25.965,0.371,67.543,15.769,16.317
25.97,0.389,67.734,15.795,16.082
25.975,0.405,67.948,15.868,15.779
25.98,0.423,68.16,15.891,15.526
25.985,0.434,68.383,15.955,15.229
25.99,0.446,68.606,16.031,14.917
25.995,0.461,68.78,16.16,14.598
26,0.468,68.962,16.26,14.31
26.005,0.475,69.134,16.34,14.05
26.01,0.478,69.295,16.421,13.806
26.015,0.476,69.362,16.553,13.61
26.02,0.482,69.436,16.648,13.433
26.025,0.485,69.483,16.774,13.258
26.03,0.491,69.532,16.891,13.086
26.035,0.492,69.554,17.028,12.926
26.04,0.491,69.556,17.182,12.77
26.045,0.491,69.527,17.363,12.619
26.05,0.492,69.532,17.521,12.455
26.055,0.503,69.554,17.65,12.293
26.06,0.513,69.552,17.817,12.119
26.065,0.517,69.557,17.985,11.94
26.07,0.52,69.512,18.196,11.771
26.075,0.529,69.46,18.43,11.581
26.08,0.539,69.485,18.588,11.387
26.085,0.532,69.508,18.801,11.159
26.09,0.521,69.537,18.995,10.947
26.095,0.507,69.59,19.117,10.785
26.1,0.5,69.682,19.201,10.616
26.105,0.496,69.753,19.305,10.447
26.11,0.493,69.793,19.402,10.311
26.115,0.499,69.774,19.547,10.18
26.12,0.503,69.722,19.753,10.021
26.125,0.498,69.699,19.976,9.827
26.13,0.486,69.713,20.157,9.644
26.135,0.477,69.762,20.256,9.504
26.14,0.475,69.758,20.42,9.346
26.145,0.475,69.74,20.551,9.234
26.15,0.473,69.743,20.66,9.124
26.155,0.473,69.722,20.808,8.997
26.16,0.475,69.759,20.875,8.891
26.165,0.469,69.833,20.9,8.798
26.17,0.462,69.903,20.915,8.72
26.175,0.451,69.959,20.946,8.644
26.18,0.439,69.973,21.046,8.542
26.185,0.437,69.989,21.144,8.43
26.19,0.44,70.006,21.24,8.314
26.195,0.434,70.05,21.328,8.187
26.2,0.427,70.091,21.455,8.028
26.205,0.42,70.12,21.553,7.906
26.21,0.411,70.17,21.643,7.775
26.215,0.407,70.239,21.692,7.662
26.22,0.411,70.36,21.697,7.533
26.225,0.413,70.525,21.637,7.424
26.23,0.409,70.646,21.609,7.337
26.235,0.406,70.756,21.623,7.214
26.24,0.4,70.851,21.669,7.08
26.245,0.397,70.956,21.706,6.942
26.25,0.398,71.014,21.825,6.763
26.255,0.397,71.126,21.88,6.597
26.26,0.403,71.245,21.912,6.441
26.265,0.402,71.375,21.941,6.282
26.27,0.401,71.574,21.862,6.163
26.275,0.403,71.731,21.818,6.048
26.28,0.408,71.844,21.795,5.953
26.285,0.415,71.923,21.759,5.904
26.29,0.419,71.955,21.756,5.87
26.295,0.428,71.917,21.847,5.808
26.3,0.441,71.841,22.002,5.716
26.305,0.454,71.805,22.145,5.596
26.31,0.473,71.834,22.179,5.514
26.315,0.487,71.924,22.156,5.432
26.32,0.509,72.005,22.155,5.332
26.325,0.524,72.088,22.171,5.216
26.33,0.543,72.115,22.216,5.126
26.335,0.566,72.136,22.221,5.077
